1	Обычное ожидание	1	55	109	163	217	271	325
2	Крутая поза	2	56	110	164	218	272	326
3	Смешная поза	3	57	111	165	219	273	327
4	Страж ожидает	4	58	112	166	220	274	328
5	Обычная тропа	5	59	113	167	221	275	329
6	Охраняемая тропа	6	60	114	168	222	276	330
7	Обычная атака 1	7	61	115	169	223	277	331
8	Обычная атака 2	8	62	116	170	224	278	332
9	Обычная атака 3	9	63	117	171	225	279	333
10	Могучий удар	10	64	118	172	226	280	334
11	Навык 1	11	65	119	173	227	281	335
12	Навык 2	12	66	120	174	228	282	336
13	Навык 3	13	67	121	175	229	283	337
14	Умение 4	14	68	122	176	230	284	338
15	Умение 5	15	69	123	177	231	285	339
16	Нормальное сиденье	16	70	124	178	232	286	340
17	Смерть (Все)	17	71	125	179	233	287	341
18	Колебания (Все)	18	72	126	180	234	288	342
19	Плач (Все)	19	73	127	181	235	289	343
20	Прыжки (Все)	20	74	128	182	236	290	344
21	Злоба (Все)	21	75	129	183	237	291	345
22	Вызов (Все)	22	76	130	184	238	292	346
23	Самолюбие (только для мужчин)	23	77	131	185	239	293	347
24	Эмоция 7	24	78	132	186	240	294	348
25	Действие эмоции 8	25	79	133	187	241	295	349
26	Эмоция 9	26	80	134	188	242	296	350
27	Действие эмозначка 10	27	81	135	189	243	297	351
28	Горное дело (чередование сцен)	28	82	136	190	244	298	352
29	Собрание (смена сцены)	29	83	137	191	245	299	353
30	Скамья ожидания (смена сцены)	30	84	138	192	246	300	354
31	Наклонить стену (действие обмена)	31	85	139	193	247	301	355
32	Наклонить дерево (действие обмена)	32	86	140	194	248	302	356
33	Чередование персонажей (чередование сцен)	33	87	141	195	249	303	357
34	Чередование Театральных действий 7	34	88	142	196	250	304	358
35	Действие смены сцены 8	35	89	143	197	251	305	359
36	Действие смены сцены 9	36	90	144	198	252	306	360
37	Театральное действие 10	37	91	145	199	253	307	361
38	Сядьте и подождите	38	92	146	200	254	308	362
39	Точка ожидания смерти	39	93	147	201	255	309	363
40	Действие умения 6	40	94	148	202	256	310	364
41	Действие навыка 7	41	95	149	203	257	311	365
42	Действие навыка 8	42	96	150	204	258	312	366
43	Действие навыка 9	43	97	151	205	259	313	367
44	Действие навыка 10	44	98	152	206	260	314	368
45	Действие умения 11	45	99	153	207	261	315	369
46	Действие умения 12	46	100	154	208	262	316	370
47	Действие умения 13	47	101	155	209	263	317	371
48	Действие умения 14	48	102	156	210	264	318	372
49	Действие умения 15	49	103	157	211	265	319	373
50	Действие умения 16	50	104	158	212	266	320	374
51	Действие умения 17	51	105	159	213	267	321	375
52	Действие умения 18	52	106	160	214	268	322	376
53	Действие умения 19	53	107	161	215	269	323	377
54	Перемещение навыка 20	54	108	162	216	270	324	378